param num_stores = 64; #number of stores
param beta = 0.5; #can change this value to test different values of beta

set CB := #set of census block grops
1
2
3
4
5
6
7
8
9
10
11
12
13
14
15
16
17
18
19
20
21
22
23
24
25
26
27
28
29
30
31
32
33
34
35
36
37
38
39
40
41
42
43
44
45
46
47
48
49
50
51
52
53
54
55
56
57
58
59
60
61
62
63
64
65
66
67
68
69
70
71
72
73
74
75
76
77
78
79
80
81
82
83
84
85
86
87
88
89
90
91
92
93
94
95
96
97
98
99
100
101
102
103
104
105
106
107
108
109
110
111
112
113
114
115
116
117
118
119
120
121
122
123
124
125
126
127
128
129
130
131
132
133
134
135
136
137
138
139
140
141
142
143
144
145
146
147
148
149
150
151
152
153
154
155
156
157
158
159
160
161
162
163
164
165
166
167
168
169
170
171
172
173
174
175
176
177
178
179
180
181
182
183
184
185
186
187
188
189
190
191
192
193
194
195
196
197
198
199
200
201
202
203
204
205
206
207
208
209
210
211
212
213
214
215
216
217
218
219
220
221
222
223
224
225
226
227
228
229
230
231
232
233
234
235
236
237
238
239
240
241
242
243
244
245
246
247
248
249
250
251
252
253
254
255
256
257
258
259
260
261
262
263
264
265
266
267
268
269
270
271
272
273
274
275
276
277
278
279
280
281
282
283
284
285
286
287
288
289
290
291
292
293
294
295
296
297
298
299
300
301
302
303
304
305
306
307
308
309
310
311
312
313
314
315
316
317
318
319
320
321
322
323
324
325
326
327
328
329
330
331
332
333
334
335
336
337
338
339
340
341
342
343
344
345
346
347
348
349
350
351
352
353
354
355
356
357
358
359
360
361
362
363
364
365
366
367
368
369
370
371
372
373
374
375
376
377
378
379
380
381
382
383
384
385
386
387
388
389
390
391
392
393
394
395
396
397
398
399
400
401
402
403
404
405
406
407
408
409
410
411
412
413
414
415
416
417
418
419
420
421
422
423
424
425
426
427
428
429
430
431
432
433
434
435
436
437
438
439
440
441
442
443
444
445
446
447
448
449
450
451
452
453
454
455
456
457
458
459
460
461
462
463
464
465
466
467
468
469
470
471
472
473
474
475
476
477
478
479
480;


param: xc yc pop := 
1	-105.0226056	39.75121441	1556
2	-105.0462684	39.74216193	1555
3	-105.0426258	39.73756012	1156
4	-105.0496591	39.73767697	1455
5	-105.028362	39.74455601	971
6	-105.028719	39.73912727	1735
7	-105.036025	39.73661295	1190
8	-105.0356366	39.74003615	885
9	-105.0347895	39.74359407	793
10	-105.0210786	39.73580554	1448
11	-105.0416911	39.72286755	675
12	-105.0416227	39.71551875	872
13	-105.0482537	39.71314079	899
14	-105.0484418	39.71774484	1458
15	-105.0485492	39.72304498	1472
16	-105.0287982	39.72106339	1360
17	-105.0287689	39.71386858	1239
18	-105.0360692	39.71309892	1003
19	-105.0360854	39.71815282	1652
20	-105.0360258	39.72349262	857
21	-105.0422177	39.72898724	1295
22	-105.0464844	39.72994929	1460
23	-105.0477563	39.73402529	758
24	-105.0509229	39.72941675	1614
25	-105.049771	39.77115524	634
26	-105.0416635	39.7666799	677
27	-105.0416508	39.76121557	713
28	-105.0486228	39.76029177	790
29	-105.048628	39.763458	643
30	-105.0486236	39.76708863	1213
31	-105.0276254	39.76700942	713
32	-105.0276059	39.76158401	774
33	-105.0322855	39.76117593	898
34	-105.0323068	39.76668628	708
35	-105.03697	39.76673228	716
36	-105.0369584	39.76123775	695
37	-105.0143219	39.77474515	800
38	-105.0143223	39.77110415	783
39	-105.0213515	39.77110767	809
40	-105.0213662	39.77477435	817
41	-105.0111864	39.7799815	1402
42	-105.0205509	39.77841357	930
43	-105.0206884	39.78201388	816
44	-105.027612	39.7730015	859
45	-105.0322764	39.77309347	754
46	-105.0375429	39.77309993	916
47	-105.029784	39.78021443	842
48	-105.0393012	39.78007679	1383
49	-105.0486284	39.7804923	884
50	-105.0208284	39.7882191	1790
51	-105.0068034	39.78713884	2084
52	-105.0024023	39.77985369	768
53	-105.0433684	39.77302211	1225
54	-105.0497633	39.77476282	615
55	-105.0150777	39.76746346	718
56	-105.0150808	39.76383316	1038
57	-105.0131404	39.75887433	1363
58	-105.0200868	39.75984237	634
59	-105.0221158	39.76382263	901
60	-105.0221245	39.767449	660
61	-105.0462716	39.75667549	991
62	-105.0456621	39.74915289	823
63	-105.0299432	39.75666207	1134
64	-105.0299459	39.75241732	1225
65	-105.0299188	39.74818571	877
66	-105.0369667	39.75668352	1239
67	-105.0368744	39.75089426	949
68	-105.017731	39.7525557	996
69	-105.020376	39.6913117	1100
70	-105.0068727	39.68520532	945
71	-104.975154	39.71381977	1203
72	-104.9660377	39.78239943	1149
73	-104.9482813	39.78972368	1449
74	-104.9546793	39.70021735	1336
75	-104.9546822	39.69386351	1147
76	-104.9081566	39.76019016	718
77	-104.9838036	39.74533277	1350
78	-104.9836341	39.74166482	1737
79	-104.9771523	39.7433388	2736
80	-104.8342233	39.78802031	1504
81	-104.8368412	39.78325336	950
82	-105.0665584	39.62814745	1949
83	-105.0854576	39.63001417	1163
84	-105.0176295	39.70196469	1257
85	-105.0203956	39.7057089	903
86	-105.0203934	39.70934481	1017
87	-105.0062529	39.70758054	1688
88	-105.0002986	39.70091353	1028
89	-105.0063609	39.7014674	1210
90	-105.0012708	39.69317422	1192
91	-105.0118857	39.69162813	654
92	-105.0111458	39.69493292	1525
93	-105.0203273	39.69493248	1279
94	-105.0076673	39.76746365	626
95	-105.0078782	39.76069595	1767
96	-105.0133468	39.70756865	639
97	-105.0192841	39.6984988	1156
98	-104.9851993	39.68306428	1065
99	-104.9781682	39.67672115	676
100	-104.9782269	39.67135604	835
101	-104.9615952	39.76506936	673
102	-104.9683877	39.76387908	1712
103	-104.9659295	39.76695245	552
104	-104.9175635	39.74925023	720
105	-104.9081331	39.74379675	1487
106	-104.9175403	39.74194544	597
107	-105.0644017	39.6416805	653
108	-105.0311875	39.73421188	643
109	-105.0327753	39.73193476	1049
110	-105.032697	39.72992309	840
111	-105.0317476	39.72734036	1099
112	-105.0130682	39.7179161	1555
113	-105.0203899	39.71299939	1216
114	-105.0215638	39.71723203	1170
115	-105.0014286	39.7714495	498
116	-105.0008896	39.77497069	624
117	-105.0076622	39.77113788	737
118	-105.0077456	39.77475938	742
119	-105.0011131	39.7651828	722
120	-104.9928266	39.67293323	1318
121	-104.9781716	39.79006569	831
122	-104.9827511	39.78273034	1229
123	-104.9839661	39.71294371	1089
124	-104.9856469	39.71655607	856
125	-104.9754066	39.71782437	781
126	-104.9830228	39.75747309	1883
127	-105.0018806	39.75622095	1279
128	-105.0045993	39.7527419	844
129	-105.0082671	39.74582061	705
130	-104.9979276	39.73627653	1858
131	-104.9951418	39.72918449	1351
132	-105.0104944	39.73347188	715
133	-105.0022952	39.73221535	2195
134	-104.9899003	39.71473941	1188
135	-104.9977577	39.71300094	658
136	-104.9961585	39.71967129	691
137	-104.9665688	39.75259945	1677
138	-104.9757542	39.75268153	894
139	-104.975252	39.74795038	793
140	-104.9932649	39.68638952	900
141	-104.9908485	39.77663342	1627
142	-104.9790779	39.76669468	1802
143	-104.9912944	39.75928365	4000
144	-104.9976065	39.75310227	276
145	-104.9954351	39.75141665	1002
146	-104.9999754	39.74899846	949
147	-104.9909097	39.74747984	1667
148	-104.9948434	39.74336039	1981
149	-104.8437717	39.78360875	2245
150	-105.0606706	39.65961014	1630
151	-105.0628399	39.65598826	2131
152	-105.0641988	39.65163008	1279
153	-104.9081054	39.75656251	773
154	-104.9080928	39.73654476	977
155	-104.9081587	39.72929735	1191
156	-104.8705638	39.6564505	1898
157	-104.8787856	39.65620759	1326
158	-105.0112759	39.68768895	768
159	-105.0203731	39.68770435	1056
160	-105.0203672	39.68410311	1301
161	-104.9328822	39.73127208	1049
162	-104.9263589	39.73832265	654
163	-104.976551	39.7572071	1356
164	-104.9841306	39.74955636	564
165	-104.9810032	39.752113	1418
166	-104.98368	39.73845658	1294
167	-104.9836122	39.73450447	1089
168	-104.9837007	39.73291267	1413
169	-104.9835514	39.73604324	804
170	-104.9788537	39.72931526	1148
171	-104.9754741	39.72977444	1509
172	-104.9807907	39.73005369	785
173	-104.9855043	39.72966286	986
174	-104.9824863	39.72936574	895
175	-104.9764519	39.73844515	1354
176	-104.9764471	39.73601081	1329
177	-104.9764281	39.73442	962
178	-104.9764185	39.73286498	1140
179	-104.9763682	39.72564775	984
180	-104.976149	39.72170563	773
181	-104.9786373	39.71380232	1023
182	-104.9788433	39.71849327	1151
183	-104.9839858	39.70932658	734
184	-104.9840169	39.70571508	926
185	-104.9838637	39.70016826	942
186	-104.9768779	39.7074939	1592
187	-104.9753287	39.69704377	1225
188	-104.9786725	39.69934231	974
189	-104.9851298	39.69208812	951
190	-104.9791656	39.69080966	1217
191	-104.9757667	39.68304489	1036
192	-104.9804762	39.68305788	1124
193	-104.9911979	39.73537655	1577
194	-104.9898142	39.72202012	1010
195	-104.9961752	39.72331199	1332
196	-104.9665521	39.76011674	1859
197	-104.9665573	39.75635697	1295
198	-104.9825539	39.72517099	826
199	-104.9844792	39.72146657	1524
200	-104.9820449	39.71653475	744
201	-104.9672219	39.71370078	693
202	-104.9663484	39.70930443	1727
203	-104.9692887	39.70022745	1244
204	-104.9356095	39.72742045	992
205	-104.9517591	39.73443974	769
206	-104.9569342	39.73523198	1307
207	-104.9569034	39.73847143	1277
208	-104.9450707	39.73845581	1237
209	-104.9450812	39.7344286	1542
210	-104.9452473	39.72328689	1157
211	-104.9452459	39.71939396	683
212	-104.9434476	39.71466352	1279
213	-104.9515889	39.71581598	1285
214	-104.9546026	39.72191546	1185
215	-104.9509134	39.70874917	2038
216	-104.9451416	39.70009131	798
217	-104.9452434	39.69027898	1515
218	-104.9451545	39.776419	625
219	-104.9546027	39.77644626	1723
220	-104.9656886	39.77034987	1310
221	-104.9708798	39.76696375	404
222	-104.9500898	39.77050299	1109
223	-104.9433965	39.76498257	705
224	-104.9487206	39.76502884	742
225	-104.9533163	39.76482561	943
226	-104.9575138	39.76527053	838
227	-104.9477007	39.75558001	1393
228	-104.9548422	39.75821648	1713
229	-104.9491622	39.74638327	1436
230	-104.9550127	39.74202164	1471
231	-104.9517737	39.73850357	1004
232	-104.9634672	39.73520251	836
233	-104.9620346	39.73232443	1019
234	-104.9654721	39.71882614	758
235	-104.9664264	39.72383731	1048
236	-104.9665553	39.72734403	1195
237	-104.9450933	39.73060462	928
238	-104.945105	39.72736184	680
239	-104.9548322	39.72736826	881
240	-104.9552301	39.73110161	610
241	-104.9622628	39.70021324	2302
242	-104.965361	39.6895844	939
243	-104.948124	39.78345696	1455
244	-104.9852123	39.6731126	1042
245	-104.9697965	39.68307042	1481
246	-104.9628118	39.68214658	1657
247	-104.9623214	39.67304893	2765
248	-104.9694205	39.67301406	2103
249	-104.9651161	39.66452069	1369
250	-104.966456	39.74871913	1455
251	-104.9663941	39.74495302	1281
252	-104.9665775	39.74162014	2108
253	-104.9671511	39.73842268	1279
254	-104.9712206	39.73140202	1314
255	-104.9712562	39.73529631	1028
256	-104.9712749	39.73844895	790
257	-104.967122	39.733048	559
258	-104.9622749	39.73840531	1146
259	-104.9271776	39.74193619	794
260	-104.936371	39.74193214	625
261	-104.9363525	39.74556348	689
262	-104.9361646	39.74922186	855
263	-104.908141	39.74922886	574
264	-104.917544	39.74558434	731
265	-104.9352708	39.73694268	1680
266	-104.9380026	39.7317371	748
267	-104.9258931	39.73345737	925
268	-104.9271442	39.72831728	888
269	-104.9265116	39.7216663	1274
270	-104.9355988	39.72170577	1257
271	-104.9263807	39.71459631	767
272	-104.9356127	39.71446307	769
273	-104.9176692	39.72959647	1849
274	-104.926995	39.75287652	897
275	-104.9361589	39.75285787	988
276	-104.93616	39.75648678	863
277	-104.9361495	39.76014867	726
278	-104.9081088	39.75286865	730
279	-104.9175448	39.7528941	546
280	-104.9175509	39.75654193	810
281	-104.9175708	39.76018639	712
282	-104.8705095	39.77691768	10138
283	-104.8939381	39.77603398	3810
284	-104.9269905	39.74923708	886
285	-104.9271742	39.74557038	632
286	-104.9449157	39.67399101	1339
287	-104.9550973	39.67574282	1197
288	-104.9549702	39.67024115	1248
289	-104.9480146	39.67019033	705
290	-104.9318953	39.77756636	1916
291	-104.9270749	39.7638026	1020
292	-104.9362117	39.76381728	712
293	-104.912183	39.77567634	1138
294	-104.9081452	39.76381387	884
295	-104.9175684	39.76381435	1072
296	-104.9175694	39.76744901	1079
297	-104.9270022	39.76018909	809
298	-104.9270048	39.75652979	810
299	-104.9547382	39.68794215	1230
300	-104.9451089	39.65880973	731
301	-104.952543	39.658388	775
302	-104.952524	39.66230139	844
303	-104.9532881	39.66582922	783
304	-104.9265922	39.66220053	1136
305	-104.9264425	39.65595921	1201
306	-104.9356428	39.66448757	795
307	-104.9366123	39.65752411	989
308	-104.9218839	39.6475883	1808
309	-104.9460054	39.68127596	1357
310	-104.9551023	39.68161093	1645
311	-105.0317325	39.6835369	1057
312	-105.0342107	39.67003502	1188
313	-105.0343484	39.6754749	1579
314	-105.0339272	39.68038762	916
315	-105.0407487	39.67814348	823
316	-105.0463728	39.66982898	904
317	-105.0465115	39.67237826	697
318	-105.0465769	39.67514891	684
319	-105.048445	39.6791426	1205
320	-105.0570799	39.67802016	1885
321	-105.0480089	39.66527548	1143
322	-105.0490663	39.65981025	1024
323	-105.0469516	39.65566205	691
324	-105.0422622	39.70235971	1272
325	-105.0427534	39.70844465	1483
326	-105.049804	39.70874735	1302
327	-105.0482718	39.70516404	920
328	-105.0360769	39.70761354	2210
329	-105.0287694	39.70941734	1016
330	-105.028769	39.70584144	1131
331	-105.0357612	39.70217572	879
332	-105.0319949	39.69858777	1276
333	-105.028775	39.70219051	1295
334	-105.0424437	39.6932129	1234
335	-105.0495098	39.69306098	1318
336	-105.0436152	39.68519358	1626
337	-105.0492813	39.68670933	1237
338	-105.0285642	39.69310519	2566
339	-104.8825707	39.71465243	1540
340	-104.8851946	39.72565225	762
341	-104.8978222	39.72502295	3522
342	-105.0450045	39.69844088	1519
343	-105.0355463	39.6931718	1123
344	-105.027463	39.67773659	885
345	-105.0274385	39.67045239	759
346	-104.8833368	39.70405275	1590
347	-104.8898158	39.70803368	1415
348	-104.840289	39.79624811	1804
349	-105.049553	39.70166617	1183
350	-104.9175616	39.73689979	1439
351	-104.9197463	39.7147907	603
352	-104.9070514	39.71642248	684
353	-104.9139955	39.71569255	1840
354	-104.9088835	39.72255474	816
355	-104.918446	39.7223275	864
356	-104.8893425	39.7456297	855
357	-104.8940498	39.74197526	1789
358	-104.8995075	39.74680366	1569
359	-104.8987491	39.73789159	796
360	-104.8940523	39.7342446	2814
361	-104.8893538	39.73789205	2368
362	-104.8986503	39.71408746	1492
363	-105.0321599	39.68712699	2291
364	-104.9353282	39.68285947	1503
365	-104.9186001	39.69182743	624
366	-104.9089561	39.68501805	620
367	-104.916522	39.68179082	1108
368	-104.9174825	39.68760665	700
369	-104.9359671	39.6738984	1206
370	-105.0428982	39.6459356	1856
371	-105.0305586	39.63036983	784
372	-105.0401343	39.63524456	1929
373	-105.0495031	39.63527932	1022
374	-105.039429	39.62988504	909
375	-104.9094017	39.63002165	2018
376	-104.8969859	39.63163583	630
377	-104.8897734	39.62790535	1554
378	-104.9075242	39.64344415	796
379	-104.9084858	39.64879836	1960
380	-104.899113	39.64447027	1074
381	-104.8995016	39.64012768	1324
382	-104.8985824	39.63693447	1138
383	-104.9060662	39.6372351	687
384	-104.9168653	39.6985991	1705
385	-104.9174726	39.70766239	881
386	-104.9101233	39.70649368	718
387	-104.9106005	39.69818828	1156
388	-104.9056	39.70504826	1910
389	-104.9055061	39.69319209	2081
390	-104.9104205	39.69231132	747
391	-104.9270442	39.6948088	664
392	-104.9270219	39.69117036	607
393	-104.9265844	39.68608171	1120
394	-104.927516	39.68087901	977
395	-104.9361781	39.68751605	1608
396	-104.8983289	39.70522785	664
397	-104.8947841	39.69958089	1182
398	-104.8851194	39.69799164	1447
399	-104.8764346	39.70613254	573
400	-104.8794066	39.70440289	1147
401	-104.8450174	39.79296459	986
402	-104.8399678	39.79156552	847
403	-104.8310847	39.79627979	1255
404	-104.823914	39.79604847	1165
405	-104.8300958	39.7921107	1543
406	-104.8429728	39.78731464	752
407	-104.8310007	39.77960221	2351
408	-104.91554	39.67152107	2067
409	-104.9175213	39.67665867	383
410	-104.9276529	39.67559681	877
411	-104.9108334	39.67087973	457
412	-104.854331	39.65757174	2456
413	-104.8664251	39.65277454	2008
414	-104.8974563	39.68284754	2018
415	-104.8976712	39.68947697	1078
416	-104.8727091	39.70623968	1856
417	-104.8695908	39.70539492	1204
418	-104.8710858	39.6983151	703
419	-104.885251	39.70050005	875
420	-104.9060876	39.65649889	1079
421	-104.9187183	39.65861722	744
422	-104.87091	39.66531254	847
423	-104.8723038	39.6723643	1781
424	-104.869381	39.66922124	1243
425	-104.8778744	39.66085942	724
426	-104.8852773	39.66453501	755
427	-104.9071796	39.67380609	2024
428	-104.8844045	39.6485201	1034
429	-104.8863256	39.64123977	1903
430	-104.8896499	39.64186491	616
431	-104.8925946	39.64951771	1654
432	-104.8967678	39.66373298	1854
433	-104.889782	39.65797356	796
434	-104.8906483	39.65420219	1516
435	-104.8988769	39.65732799	1699
436	-104.9098151	39.662468	1285
437	-104.765486	39.78045847	2360
438	-104.7570887	39.77544573	2564
439	-104.7659703	39.77409745	2779
440	-104.744982	39.77833385	3941
441	-104.7437982	39.77205918	3079
442	-105.0603742	39.66481682	1655
443	-105.0747063	39.66681452	1289
444	-105.0754708	39.66256694	905
445	-105.0597733	39.64747412	1379
446	-105.0820314	39.61624072	1883
447	-104.9338407	39.69573252	1729
448	-104.9361742	39.69114593	625
449	-105.0208803	39.66313086	2295
450	-105.0071328	39.67515362	1999
451	-105.0203732	39.67522374	899
452	-105.020396	39.66936753	1305
453	-105.0318115	39.66445234	1503
454	-105.0396097	39.66377043	968
455	-105.0375236	39.65736448	1128
456	-105.028697	39.66057878	1936
457	-104.6871793	39.8581409	1165
458	-105.1052552	39.63206305	1119
459	-105.0911609	39.63410143	2280
460	-105.1044725	39.62667825	1056
461	-105.0949217	39.62783761	1682
462	-104.9259883	39.70811855	1362
463	-104.9264219	39.70112351	1806
464	-104.926965	39.69821445	664
465	-105.0583628	39.78759406	980
466	-105.0392461	39.78544291	832
467	-105.0452531	39.78826763	857
468	-105.0301392	39.78765355	1265
469	-104.9385504	39.6939524	959
470	-104.8342084	39.77582502	2714
471	-104.8174361	39.77635865	1760
472	-104.816346	39.79558232	2192
473	-104.8137267	39.78952077	2319
474	-104.8150133	39.78120584	3084
475	-104.8236904	39.78599747	2877
476	-104.7908395	39.79102174	5134
477	-104.7922735	39.77859776	1828
478	-104.7480039	39.78539814	1312
479	-104.7656617	39.78997665	1823
480	-104.7468253	39.79310713	4381;

		
		
set CGSL := 1 #set of current grocery store locations
2
3
4
5
6
7
8
9
10
11
12
13
14
15
16
17
18
19
20
21
22
23
24
25
26
27
28
29
30
31
32
33
34
35
36
37
38
39
40
41
42
43
44
45
46
47
48
49
50
51
52
53
54
55
56
57
58
59
60
61
62
63
64;

param: xp	yp := 1	-104.866832	39.75944699
2	-104.979906	39.69601098
3	-104.9738	39.731549
4	-105.024278	39.69222899
5	-104.997949	39.73753799
6	-104.917349	39.73756402
7	-104.978884	39.739366
8	-104.888938	39.690462
9	-104.991771	39.74510999
10	-104.942201	39.68705002
11	-105.001363	39.75447698
12	-104.770157	39.78505001
13	-104.998957	39.757234
14	-105.026128	39.680382
15	-104.985287	39.69686699
16	-104.901147	39.72019902
17	-104.942196	39.67908101
18	-104.972382	39.67756698
19	-104.956935	39.71843199
20	-105.024379	39.755437
21	-105.02118	39.68010301
22	-104.937268	39.66671699
23	-105.021421	39.67757599
24	-104.901785	39.75647699
25	-104.939439	39.66439398
26	-105.051364	39.65479599
27	-104.988913	39.71037799
28	-104.94439	39.74033101
29	-104.987357	39.70975898
30	-104.975905	39.77298699
31	-105.036637	39.776188
32	-105.044344	39.77010902
33	-104.848079	39.77058599
34	-104.9417638	39.67850447
35	-105.041827	39.69038798
36	-104.932549	39.70798902
37	-105.048147	39.768955
38	-104.93322	39.78840701
39	-105.089206	39.630629
40	-105.005859	39.784724
41	-104.8095772	39.78549605
42	-104.988952	39.70744901
43	-105.052088	39.69062
44	-104.8098772	39.78514121
45	-104.973489	39.725165
46	-105.061199	39.77924198
47	-104.915618	39.73746
48	-104.914471	39.66650702
49	-104.914133	39.65209702
50	-104.982543	39.72677001
51	-104.905189	39.697941
52	-104.901705	39.65184099
53	-104.900981	39.758407
54	-104.940409	39.72853398
55	-104.977538	39.74808402
56	-105.083076	39.636505
57	-104.900251	39.65540402
58	-104.897946	39.769688
59	-104.9405426	39.72906115
60	-104.895026	39.78361302
61	-104.94144	39.70269798
62	-104.91261	39.70041999
63	-104.975853	39.733304
64	-104.8790489	39.65222275;
		
		
		
		
